296022769723
68802443599
76078076777
529120576079
176155659587
480616032991
947873523473
809589029573
238102333409
387074784751
598093564169
539604726779
164461865189
674774634013
464062006657
335768084011
189977647973
946437590083
742573566139
969651060803
521818323277
109487160313
77308555579
502215835669
953951835449
881360033531
918229898447
150856037201
326120300057
998696358133
907423822973
659671104997
255469808497
284989807147
127564950109
375132077953
708431345161
938185177889
489838585813
377110285169
187227741697
992888403103
67713898981
22442231561
207757234183
553277646401
737026920037
505462879517
6298346317
612341235019
673191060203
75848080019
780338794057
439677694633
22965334939
456780037817
131647133369
297941569183
601150028519
182873167391
129237542009
968980043573
995062312589
146759597471
755456078477
220346730347
236183743573
938928675871
120319535443
638868181823
236312983061
207160579151
679327900751
455372788243
173695907971
451821492917
67432104059
592284781019
241282709279
768805461143
414928891031
970180077649
78471170027
750762287567
770112161699
305679248041
167076548603
881555783161
934413592921
497842174363
888475070683
84414734689
820698394231
97653216743
277911979769
542621728843
421167197327
801072289697
568284972193
101955089833
527360563963
850096844039
687110232521
623017374769
728898085957
614809673741
